100000
128896.46812228614
59326.40982238033
73862.88120797013
145634.3421312101
128830.43059627186
124061.42503893047
125902.63338880465
71424.86632070804
58169.35980849019
89740.22391437455
170148.3768096498
170481.71068352845
84055.37400571977
107942.81540969107
108317.3637153966
157790.75235934372
84180.68035239876
61722.531936544445
137515.07039627407
114155.95739227289
86585.91599461484
120396.74837919795
113328.12901591162
133749.879683913
60546.570895437224
91612.39342269837
58127.000918584046
106723.49778912282
85616.43232500336
106529.89927277305
85339.66805743263
69655.75113037744
99742.48268618768
95357.53551646482
94164.16588016876
100731.48284969761
129396.31059926684
155618.548504066
90509.09602690359
81305.22350134695
88913.82002244465
114615.6457310419
104298.87064474226
113531.22603939951
94650.54009134819
96202.22428956523
81857.28155912917
122866.7177480238
88852.5574462341
224315.94689196986
86881.10066307924
81809.00750078021
109176.12531644119
128360.5275400649
111496.10058166485
194782.7151162137
140004.44038416687
123377.79311634776
88120.03147323462
100000
98940.54857801371
128120.59167775633
104544.84580829999
127285.54245237855
129099.9925840252
57081.080997270205
151106.48312851565
196756.6549989256
159370.3865928319
106189.04924981162
47012.799835221114
94353.44672321751
100000
69190.15642193728
113660.77276280735
114740.07730686433
93485.96644365495
114535.17220720668
120032.50237330991
110775.98789275532
106633.3290012602
170726.56676727027
149176.98197732927
86750.61207795131
70329.20102122045
93156.96131052185
78677.7837296246
132293.08887696292
104804.57877924814
143196.89342937828
128257.32777962903
131255.46043695702
54293.267705818835
154451.8831497515
124342.81864556251
82110.63069565865
79420.51333232758
44362.943330057285
147336.29673935706
107962.91966303442
77100.31814176771
71100.81750402584
88972.9087789411
110311.56106322604
94641.37163843277
133887.6122863476
100000
122728.01950695385
145496.2343607301
68949.46452128312
100212.69844362723
65681.08303161021
83444.67606819276
109113.77794337115
96059.61837679283
72437.09493681246
94169.34050151822
54706.060986561315
112288.87873159154
81444.4666328837
103963.6498183587
100000
107118.94290492515
59165.40310448467
101031.86892957018
187663.2868410173
100990.86529246223
50275.16177780418
100544.17228547935
51358.04831888476
64961.483158894465
171569.438061998
66826.36993228344
64624.041600562974
93830.80595299046
84530.28431992778
95741.77168583627
73072.73728157462
58002.17195218435
87961.67483628167
70064.35123574208
127010.14249915046
94590.25878081497
42520.76277715729
68286.75638841833
66361.90307835922
129483.72011499571
92653.70415608291
101307.1908611632
100652.06599657358
127199.4772174797
67845.78281438585
107724.81610642342
87161.97194034592
197518.82313899568
131661.95612364946
63441.4612748403
239133.7404076653
111122.53710017132
97698.73539106551
84464.2855859478
79572.21220142386
67100.65843514555
89190.59904628932
76179.02838609031
234703.74516467424
157966.73647156975
98105.61954835684
124861.96174513224
107125.24782652201
129016.2417778429
98576.12218925847
151785.70149092693
100000
59019.383843845026
71195.2243434181
111971.40622275877
249235.1001556737
71439.82936994667
54933.493114562065
80397.318872529
104882.02194687535
93051.2751166373
163041.79429558804
133101.14394776913
70870.65813364842
84017.65087222516
75484.35921451518
121195.05152940226
133886.58181402876
212726.25253008373
97524.41882433897
102436.67100862974
110949.47255283686
125790.2014695694
78499.48979923155
116442.79551849283
113673.57315170004
112854.17662206471
111267.3232978686
130196.22585443361
151721.7726113433
119774.3262328691
59844.626692161524
77010.84592737118
73839.89578905574
83378.72401345705
193815.86238328286
89183.38456879195
141295.72900613677
124805.96987032826
165638.32648223895
93086.88204706837
134860.39305630894
222746.89091115072
74595.71201879588
97458.3916166173
110923.27463984439
73419.12422879926
197955.96009038461
134564.78874532896
82924.81659422656
111383.24892760365
172148.99193996805
143859.76260888553
65160.99301385798
114174.44745923631
64340.08691939765
73351.79692835669
97197.23653355794
68134.83810625119
114236.6451325545
74946.72448163829
90981.36609369284
115670.97190660969
76119.03377652429
67802.6449318656
84843.29443211744
66831.55485125193
103726.51956427326
97654.95555042036
85708.27151481759
169546.41408480343
66502.29052764876
57721.496120134994
136376.3619642199
